
small: 100.61034054157673 Large: 101.04925553832756
small: 100.11563696177797 Large: 100.94305558505555
small: 100.98136822642583 Large: 101.15545549159957
small: 100.61034054157673 Large: 100.8368556317835